0	64767
65232	254527
254528	288996
291111	292503
294590	334407
334899	412032
412032	738523
738337	819116
819769	831532
832000	962583
976750	978234
1005293	1100263
1100208	1102601
1104343	1110708
1111356	1113867
1115795	1136842
1137621	1314713
1314711	1658691
1658692	1853291
1915174	1963091
1963527	2082234
2082219	2167488
2167488	2339646
2339591	2340801
2340746	2347447
2348094	2353662
2353607	2532153
2531952	2631382
2631516	2732952
2733388	2735952
2736731	2761211
2761205	2763730
2770739	2772541
2775277	2798432
2801750	2844312
2877996	2969846
2969950	3077108
3078057	3095101
3095560	3170326
3170324	3194210
3194919	3414677
3414369	3464624
3464622	3519951
3520416	3566918
3570455	3572085
3572191	3598363
3599416	3629634
3629626	3751319
3751319	4013077
4018535	4099838
4105476	4195796
4197993	4199286
4201436	4351106
4356385	4360672
4361725	4394492
4399947	4559272
4559981	4596473
4596905	4810914
4810859	4857432
