0	63762
64797	254548
254549	288996
294590	334407
334899	369158
369788	412032
412032	738523
738337	766221
766249	819116
819769	831970
833005	962583
976750	978234
1005293	1100263
1100208	1102601
1104343	1110708
1111356	1113867
1115795	1136842
1137621	1314713
1314711	1327659
1327658	1658703
1658704	1915177
1915174	1963091
1963527	2082234
2082219	2339646
2339591	2340801
2340746	2347447
2353607	2620914
2620915	2631571
2631516	2730672
2730708	2732952
2733388	2735952
2736731	2761211
2761205	2763730
2770739	2772541
2775277	2796451
2801750	2844312
2877996	2886328
2886319	2911188
2911818	2970275
2970220	3077108
3078057	3095101
3095560	3170326
3170324	3194210
3194919	3291837
3291871	3414167
3414137	3464624
3464622	3518946
3520319	3521743
3521688	3566919
3570455	3572085
3572191	3598363
3599416	3629607
3629551	3877814
3877815	3910734
3910855	4013077
4013022	4018590
4018535	4099838
4103343	4105043
4105476	4195796
4197993	4199286
4201295	4351106
4356385	4360672
4361725	4394492
4399947	4450612
4450603	4559272
4559981	4596473
4596905	4857432
