0	63762
65232	254659
254660	289085
291111	292503
294512	334407
334899	369158
369788	412032
412032	770000
770001	818832
819769	831532
833005	962583
976750	978234
1005293	1025075
1025678	1100263
1100208	1102601
1104343	1109419
1111356	1113867
1115795	1136842
1137621	1314713
1314711	1658690
1658691	1853117
1915174	1963091
1963527	2045680
2046283	2082234
2082219	2339646
2339591	2340801
2340746	2347447
2348094	2353662
2353607	2579276
2579879	2589380
2589325	2631571
2631516	2732952
2733388	2735952
2736731	2761211
2761205	2763730
2770739	2772541
2775277	2796451
2801750	2844312
2877996	2911188
2911818	2970250
2970220	3077108
3078057	3095101
3095560	3170326
3170324	3194210
3194919	3414180
3414131	3464624
3464622	3518946
3520416	3521743
3521688	3566976
3570455	3572085
3572191	3598363
3599416	3629620
3629662	3635105
3635708	3751318
3751318	4013077
4018535	4099869
4103343	4105043
4105476	4195796
4197993	4199286
4201295	4351106
4356385	4360672
4361725	4394642
4399947	4559272
4559981	4596705
4596905	4810682
4810893	4857432
