0	34886
34985	63762
64797	230111
230355	288996
291111	292503
294590	334407
334899	604008
614985	787655
788944	790516
790918	808488
808942	818832
819769	831970
833005	962583
976750	978234
1005293	1100263
1100208	1102601
1104343	1113867
1115795	1136842
1137621	1143130
1143286	1314713
1314711	1479746
1479795	1760330
1760345	1853291
1915174	1931906
1931897	1963069
1962970	2077303
2077399	2082234
2082219	2166294
2170048	2339646
2339591	2340801
2340746	2347447
2348094	2353662
2353607	2359863
2359846	2441628
2441621	2531912
2532069	2631588
2631516	2730687
2733388	2735952
2736731	2761211
2761205	2765151
2770739	2772541
2775277	2798432
2801750	2844312
2877996	2886026
2886051	2901494
2901787	2903752
2904792	2930552
2930546	2969980
2970220	3077108
3078057	3095101
3095560	3170326
3170324	3191940
3192403	3194210
3194919	3413857
3414112	3464624
3464622	3519951
3519981	3521743
3520319	3521743
3521688	3566918
3570416	3572085
3572191	3598363
3599416	3629607
3629659	3828055
3828152	3910861
3910869	3930406
3930449	4013077
4018535	4052214
4052729	4099838
4105476	4195796
4197993	4199286
4201436	4250235
4250238	4351106
4356385	4360672
4361725	4374599
4374595	4394492
4400023	4477332
4477350	4499567
4499566	4559272
4559981	4561748
4561823	4596473
4596905	4769022
4769023	4810716
4810661	4857432
