0	64767
65232	254527
254528	288996
291111	292503
294590	334407
334899	412032
412032	738523
738337	818832
819769	831532
832000	962583
976750	978234
1005293	1100263
1100208	1102601
1104343	1113867
1115795	1136842
1224140	1314713
1314711	1658691
1658692	1915177
1915174	1963091
1963527	2082234
2082219	2339646
2339591	2340801
2340746	2347447
2347392	2353662
2353607	2531912
2532069	2631588
2631516	2735952
2736731	2761211
2761205	2765151
2770739	2772541
2775277	2796548
2801750	2844312
2877996	2969846
2969925	3077108
3078057	3095101
3095560	3170326
3170324	3194210
3194919	3414186
3414253	3464624
3464622	3519951
3520416	3521743
3521688	3566918
3570455	3572085
3572191	3598363
3599416	3751292
3751292	4012375
4018535	4099838
4105476	4195796
4197993	4199286
4199431	4351106
4356385	4360672
4361725	4394492
4400023	4450614
4450607	4559272
4559981	4596496
4596882	4857432
