0	34924
35032	63762
64797	230120
230508	288996
291111	292503
294590	310967
310979	334407
334899	604008
615093	787679
787744	790375
792451	808520
808560	819116
819769	831970
833005	906936
906901	962583
976750	978234
1005293	1025734
1025016	1091181
1091350	1099860
1100208	1102601
1104343	1110708
1111356	1113867
1115795	1136842
1137621	1314713
1314711	1658703
1658704	1853291
1915174	1953006
1953173	2077299
2077295	2082234
2082219	2166652
2169621	2339646
2339591	2340801
2340746	2343102
2343448	2347447
2353607	2359866
2359873	2531912
2532069	2633979
2634097	2730044
2730890	2732931
2733388	2735952
2736731	2761211
2761205	2763730
2770739	2772541
2774874	2796451
2801750	2844312
2877996	2886130
2888042	2901610
2901736	2904241
2904410	2969846
2969950	3010927
3010919	3019352
3019344	3046081
3046497	3077108
3078057	3086802
3087098	3095101
3095560	3101579
3101565	3170326
3170324	3192118
3192202	3194210
3194919	3413671
3414253	3464624
3464622	3519951
3519981	3521743
3520319	3521743
3520319	3567081
3570455	3572085
3572191	3598363
3599416	3648958
3648958	3910657
3910749	3912318
3912337	4013077
4013022	4018590
4018535	4052118
4052764	4099838
4105476	4195796
4197993	4199286
4199431	4351106
4356385	4360672
4361725	4374505
4376286	4394492
4399947	4450616
4450622	4477257
4478011	4499663
4499698	4551745
4551747	4559272
4559981	4596473
4596905	4665577
4665620	4674553
4674556	4769022
4769035	4857432
