0	63762
64797	254614
254615	288996
291111	292503
294590	334407
334899	369158
369788	412032
412032	770137
770138	818832
819769	831970
833005	962583
976750	978234
1005293	1025068
1025678	1100263
1100208	1102601
1104343	1110708
1111356	1113867
1115795	1136842
1137621	1314713
1314711	1658690
1658691	1915177
1915174	1963091
1963527	2082234
2082219	2339646
2339591	2340801
2340746	2347447
2347392	2353662
2353607	2579275
2579879	2730714
2730715	2732952
2733388	2735952
2736731	2761211
2761205	2763730
2770739	2772541
2775277	2796491
2801683	2844312
2877996	2970275
2970220	3077108
3078057	3095101
3095560	3170326
3170324	3194210
3194919	3414186
3414112	3464624
3464622	3519951
3520319	3521743
3521688	3566918
3570455	3572085
3572191	3598363
3599416	3629601
3629649	3635105
3635708	3751292
3751292	4012375
4018535	4100041
4103343	4105478
4105476	4195968
4197993	4199286
4201436	4351097
4356385	4360672
4361725	4394492
4399947	4559272
4559981	4596473
4596905	4857432
