0	64767
65232	230192
230454	288996
291111	292503
294590	334407
334899	369158
369788	412032
412032	738523
738337	790516
790525	818832
819769	831532
832450	906936
906960	962583
976750	978234
1005293	1100263
1100208	1102601
1104343	1110708
1111356	1113867
1115795	1136842
1137621	1314713
1314711	1658690
1658691	1720328
1720391	1853291
1915174	1963091
1963527	2082234
2082219	2166784
2166796	2168512
2168948	2339646
2339591	2340801
2340746	2347447
2353607	2620694
2620695	2730828
2730890	2732952
2733388	2735952
2736731	2761211
2761205	2763730
2770739	2772541
2775277	2796451
2801750	2844312
2877996	2886293
2886449	2911188
2911818	2970275
2970220	3077108
3078057	3086827
3086854	3095101
3095560	3170326
3170324	3194210
3194919	3211687
3211766	3414677
3414253	3464624
3464622	3519951
3520416	3521743
3521688	3566918
3570455	3572085
3572191	3598363
3599416	3629590
3629541	3648958
3648958	3910720
3910731	4013077
4013022	4018590
4018535	4052092
4052133	4099838
4105476	4195796
4197993	4199286
4199431	4351106
4356385	4360672
4361725	4394492
4400023	4450514
4450605	4477249
4477300	4499620
4499672	4559272
4559981	4561741
4561855	4596705
4597200	4857432
