0	254527
254528	288996
291111	292503
294590	334407
334899	369158
369788	412032
412032	770138
770139	818832
819769	830202
831915	962583
976750	978234
1005293	1025075
1025678	1100263
1100208	1102601
1104343	1110708
1111356	1113867
1115795	1136842
1137621	1314713
1314711	1658704
1658705	1915177
1915174	2045680
2046283	2082234
2082219	2339646
2339591	2340801
2340746	2347447
2348094	2353662
2353607	2532153
2531952	2579276
2579879	2631382
2631516	2735952
2736731	2761211
2761205	2763730
2770739	2772541
2775277	2796451
2801750	2844312
2877996	2911188
2911818	2970275
2970220	3077108
3078057	3095101
3095560	3170326
3170324	3194210
3194919	3414560
3414241	3464624
3464622	3520374
3520319	3521743
3521688	3566918
3570416	3572085
3572191	3598363
3599416	3629578
3629692	3635105
3635708	3751320
3751320	4013077
4018535	4099838
4103343	4105043
4105476	4195796
4197993	4199486
4201295	4351106
4356385	4360672
4361725	4394492
4399947	4420840
4420894	4559272
4559981	4596473
4596905	4810716
4810859	4857432
