0	63762
64797	230139
230180	288996
291213	292503
294590	334407
334899	412032
412032	738523
738337	766333
766316	819116
819769	831970
833005	962583
976750	978234
1005293	1100263
1100208	1102601
1104842	1113867
1115795	1136842
1137621	1314713
1314711	1658690
1658691	1853291
1915174	2077390
2077485	2082234
2082219	2339646
2339591	2340801
2340746	2347447
2347392	2353662
2353607	2532153
2531952	2732952
2733388	2735952
2736731	2761211
2761205	2765151
2770739	2772541
2775277	2796548
2801750	2844312
2877996	2886389
2886536	2969980
2970195	3077108
3078057	3095101
3095560	3170326
3170324	3194210
3194919	3414540
3414506	3464624
3464622	3519951
3519981	3521743
3520319	3521743
3521688	3566918
3570455	3572085
3572191	3598363
3599416	3629514
3629541	3751318
3751318	4012375
4018535	4099838
4105476	4195796
4199431	4351106
4356385	4360672
4361725	4394492
4400023	4559272
4559981	4596473
4596905	4857432
