0	64767
65232	254527
254528	288996
294590	334407
334899	412032
412032	770138
770139	818832
819769	831532
832450	962583
976750	978234
1005293	1100263
1100208	1102601
1104343	1110708
1111356	1113867
1115795	1136842
1137621	1314713
1314711	1658690
1658691	1915177
1915174	2082234
2082219	2339646
2339591	2340801
2340746	2347447
2347392	2353662
2353607	2531912
2532069	2631571
2631516	2732952
2733388	2735952
2736731	2761211
2761205	2763730
2770739	2772541
2775277	2796451
2801750	2844312
2877996	2901544
2901535	2969846
2969950	3077108
3078057	3095101
3095560	3170326
3170324	3194210
3194919	3414784
3414369	3464624
3464622	3519951
3520416	3521743
3521688	3566918
3570455	3572085
3572191	3598363
3599416	3629545
3629541	3751318
3751318	4012375
4018535	4100041
4105476	4195968
4199431	4351106
4356385	4360672
4361725	4394492
4399947	4559272
4559981	4596473
4596905	4810716
4810859	4857432
