0	34523
34877	63726
64797	95606
95795	116329
116600	188698
188735	230099
230319	288996
294590	311144
311146	334407
337005	338723
338992	529034
529038	557878
557869	766275
766323	782484
782590	788983
792647	808692
808691	819116
819611	826428
826426	831970
833041	906936
907045	962583
976750	978234
1005293	1100263
1100208	1102601
1104343	1110708
1111356	1113867
1115795	1136842
1136787	1143298
1143347	1314713
1314711	1411100
1411093	1658690
1658691	1720286
1720277	1853291
1883460	1915177
1915174	1951856
1952975	1963035
1962970	1992496
1992547	2077331
2077356	2082234
2082219	2141121
2141872	2166514
2170156	2251997
2252003	2339646
2339591	2340801
2340746	2346307
2353607	2532153
2531952	2631382
2631516	2729952
2733388	2735480
2735425	2736786
2736731	2761211
2761205	2763730
2770739	2772541
2775277	2798432
2798493	2799886
2801750	2827096
2827237	2844312
2877996	2882466
2882457	2886138
2888247	2901403
2901902	2904268
2904292	2930549
2930636	2969980
2970220	3046079
3046163	3077108
3078057	3087035
3087025	3095101
3095560	3101676
3101761	3170326
3170324	3192164
3192161	3194210
3194919	3211742
3211806	3283868
3283873	3414677
3414112	3464624
3464622	3519951
3519981	3521743
3520319	3521743
3521688	3566976
3570455	3572085
3572191	3598363
3599416	3629503
3629560	3877832
3877833	3910833
3910918	3912370
3912749	3930397
3930458	3953766
3953745	4013077
4013022	4018590
4018535	4051398
4053226	4099838
4105476	4149594
4149578	4186034
4186099	4195796
4197993	4199286
4201436	4262366
4262408	4351106
4356385	4360672
4361725	4374438
4374668	4394492
4400023	4418803
4418810	4477291
4477366	4499527
4500224	4551721
4551742	4559272
4561823	4596473
4596905	4710840
4710875	4768998
4769058	4778211
4778227	4857432
