0	15905
16232	17600
17661	33094
35075	39620
39675	63403
65232	68415
68548	75421
75497	88255
88316	95710
95887	116329
116615	134230
134301	175039
175038	188502
189395	209060
209155	229997
230599	289085
294762	301502
301535	310967
310948	316875
317480	329555
329695	334407
337005	338757
339086	346677
346837	366138
366140	369158
369788	424844
425016	438104
438116	528724
529158	577470
577452	611268
611432	612743
612736	615923
615909	667991
668833	718101
718124	738201
738007	766217
766342	774249
774253	787629
788954	790409
792455	808914
809308	819118
819769	826164
826500	827744
827787	831532
833026	898112
898230	906607
907025	926074
926139	930087
930210	936135
936223	954245
954333	962583
976750	978234
1005293	1025075
1025679	1054520
1055015	1058522
1058514	1091080
1091087	1100263
1100208	1102601
1104343	1109626
1111356	1113867
1113877	1136842
1137621	1139782
1140119	1142610
1143299	1188101
1188134	1205893
1205967	1220591
1224508	1230632
1230776	1246085
1246103	1294406
1294405	1314713
1314711	1327627
1327757	1331529
1332272	1410803
1411418	1422448
1422513	1436290
1436302	1459802
1459798	1479487
1479893	1500408
1500422	1631080
1631174	1654791
1655071	1693245
1693263	1720383
1720944	1728665
1728708	1789754
1789838	1791358
1791353	1841532
1841627	1852943
1853272	1869111
1869142	1883448
1883533	1915177
1915174	1931839
1931849	1952837
1953390	1958195
1958455	1963046
1963119	1992514
1992554	2034959
2035101	2045680
2046287	2077214
2077490	2082234
2082219	2086258
2086300	2116676
2116711	2140983
2141828	2163382
2163368	2165783
2167942	2169196
2170628	2231425
2231468	2247754
2247775	2270345
2270416	2281126
2281209	2309802
2309864	2339646
2339591	2340801
2340746	2347447
2353607	2359859
2359989	2366738
2366859	2379191
2379469	2441461
2441795	2488530
2488532	2517421
2517447	2531891
2531978	2579275
2579879	2620809
2620856	2633988
2634097	2650879
2650968	2673937
2674043	2698211
2698312	2720764
2720737	2729513
2733388	2735952
2738157	2743725
2744659	2758162
2761205	2763730
2770739	2772541
2775277	2785196
2785189	2796451
2798493	2799886
2801750	2812768
2812807	2827084
2827267	2844312
2877996	2882078
2882144	2886138
2888257	2901337
2904897	2907707
2908963	2911188
2928099	2930467
2930545	2965994
2966026	2969846
2970497	3019615
3019592	3046072
3046540	3077108
3078057	3086797
3087025	3092768
3092833	3095101
3095560	3101581
3101800	3170326
3170324	3191943
3192249	3194210
3194919	3211651
3211803	3216946
3216931	3241462
3241530	3248858
3248909	3253204
3253212	3283875
3284013	3291796
3291822	3326355
3326360	3328676
3328688	3354334
3354357	3414186
3414363	3464624
3464622	3518925
3520416	3521743
3521688	3560777
3560977	3566731
3570455	3572085
3572097	3598363
3599416	3628954
3629074	3635084
3635708	3828056
3828257	3880194
3880195	3911221
3912796	3915634
3915922	3959519
3959587	4013077
4013022	4018590
4018535	4051818
4053289	4100108
4103343	4105043
4105476	4149525
4149599	4159305
4159542	4186046
4186096	4195796
4197993	4199286
4201295	4250155
4250257	4262279
4262582	4275465
4275421	4315314
4315438	4351097
4356385	4360672
4361725	4374351
4376565	4394492
4400029	4401896
4401892	4419167
4419173	4420803
4420914	4437789
4437746	4442192
4442155	4477210
4478254	4481769
4482461	4499159
4500330	4551709
4551899	4559272
4559981	4561436
4562043	4596496
4596905	4614452
4614577	4654538
4654551	4660888
4660991	4665528
4666606	4674544
4674644	4715569
4715680	4744060
4744934	4753588
4753701	4776291
4776614	4778041
4778179	4805878
4805875	4810914
4810893	4857432
