1000575
1000578
1000586
1000593
1000602
1000605
1000616
1000617
1000629
1000648
1000662
1000743
1000777
1000812
1000818
1000830
1000851
1000864
1000872
1000875
1000878
1000882
1000888
1000899
1000908
1000917
1000929
1000932
1000935
1000944
1001687
1001694
1001696
1001707
1001708
1001711
1001714
1001755
1001760
1001762
1001772
1001785
1001792
1001795
1001798
1001803
1001804
1001807
1001810
1001811
1001812
1001813
1001819
1001820
1001821
1001822
1001829
1001831
1001834
1001839
1001870
1001872
1001873
1001879
1001885
1001886
1001888
1001897
1001912
1001927
1001935
1001957
1001963
1115519
1866600
1871997
1874709
1882182
1885235
1885975
1891427
1896582
2348155
